0.01 -10.0
0.0125 -10.0
0.015 -10.0
0.0175 -10.0
0.02 -10.0
0.0225 -10.0
0.025 -10.0
0.027500000000000004 -10.0
0.03 -10.0
0.0325 -10.0
0.035 -10.0
0.0375 -10.0
0.04 -10.0
0.0425 -10.0
0.045000000000000005 -10.0
0.0475 -10.0
0.05 -10.0
0.052500000000000005 -10.0
0.055 -10.0
0.0575 -10.0
0.060000000000000005 -10.0
0.0625 -10.0
0.065 -10.0
0.0675 -10.0
0.06999999999999999 -10.0
0.0725 -10.0
0.075 -10.0
0.0775 -10.0
0.08 -10.0
0.08249999999999999 -10.0
0.08499999999999999 -10.0
0.0875 -10.0
0.09 -10.0
0.0925 -10.0
0.095 -10.0
0.09749999999999999 -10.0
0.09999999999999999 -10.0
0.1025 -10.0
0.105 -10.0
0.1075 -10.0
0.11 -10.0
0.11249999999999999 -10.0
0.11499999999999999 -10.0
0.1175 -10.0
0.12 -10.0
0.1225 -10.0
0.125 -10.0
0.1275 -10.0
0.13 -10.0
0.1325 -10.0
0.135 -10.0
0.1375 -10.0
0.14 -10.0
0.14250000000000002 -10.0
0.14500000000000002 -10.0
0.14750000000000002 -10.0
0.15000000000000002 -10.0
0.1525 -10.0
0.155 -10.0
0.1575 -10.0
0.16 -10.0
0.1625 -10.0
0.165 -10.0
0.1675 -10.0
0.17 -10.0
0.17250000000000001 -10.0
0.17500000000000002 -10.0
0.17750000000000002 -10.0
0.18000000000000002 -10.0
0.1825 -10.0
0.185 -9.999600039996
0.1875 -10.0
0.19 -10.0
0.1925 -10.0
0.195 -10.0
0.1975 -9.999800019998
0.2 -10.0
0.2025 -9.999800019998
0.20500000000000002 -9.999400059994
0.20750000000000002 -10.0
0.21000000000000002 -9.991600839916009
0.21250000000000002 -9.999400059994
0.215 -9.988601139886011
0.2175 -10.0
0.22 -9.996400359964003
0.2225 -10.0
0.225 -10.0
0.2275 -9.994000599940007
0.23 -9.999600039996
0.2325 -10.0
0.23500000000000001 -9.993800619938007
0.23750000000000002 -9.993600639936007
0.24000000000000002 -9.999200079992
0.24250000000000002 -9.991800819918009
0.245 -9.982601739826018
0.2475 -9.99080091990801
0.25 -9.99060093990601
0.2525 -9.99000099990001
0.255 -9.983401659834017
0.2575 -9.985601439856014
0.26 -9.997600239976002
0.2625 -9.994200579942007
0.265 -9.99120087991201
0.2675 -9.97980201979802
0.27 -9.992000799920008
0.2725 -9.994800519948004
0.275 -9.993200679932007
0.2775 -9.987801219878012
0.28 -9.988601139886011
0.28250000000000003 -9.987201279872012
0.28500000000000003 -9.98940105989401
0.28750000000000003 -9.97020297970203
0.29000000000000004 -9.988401159884011
0.2925 -9.979002099790021
0.295 -9.987401259874012
0.2975 -9.981601839816019
0.3 -9.973602639736026
0.3025 -9.97940205979402
0.305 -9.977802219778022
0.3075 -9.981801819818019
0.31 -9.973602639736026
0.3125 -9.976002399760024
0.315 -9.952204779522047
0.3175 -9.974002599740025
0.32 -9.963603639636036
0.3225 -9.959004099590041
0.325 -9.944405559444055
0.3275 -9.952204779522047
0.33 -9.962003799620039
0.3325 -9.959204079592041
0.335 -9.98060193980602
0.3375 -9.932406759324067
0.34 -9.95020497950205
0.3425 -9.942405759424057
0.34500000000000003 -9.962403759624038
0.34750000000000003 -9.948205179482052
0.35000000000000003 -9.920607939206079
0.35250000000000004 -9.925007499250075
0.355 -9.912608739126087
0.3575 -9.913608639136086
0.36 -9.905009499050095
0.3625 -9.928607139286072
0.365 -9.917208279172083
0.3675 -9.896610338966104
0.37 -9.895210478952105
0.3725 -9.907609239076093
0.375 -9.920607939206079
0.3775 -9.919408059194081
0.38 -9.894410558944106
0.3825 -9.896010398960104
0.385 -9.881011898810119
0.3875 -9.881411858814118
0.39 -9.88861113888611
0.3925 -9.855414458554145
0.395 -9.855214478552146
0.3975 -9.85081491850815
0.4 -9.887811218878111
0.4025 -9.837816218378162
0.405 -9.846615338466153
0.40750000000000003 -9.826017398260174
0.41000000000000003 -9.82941705829417
0.41250000000000003 -9.862013798620138
0.41500000000000004 -9.847215278472152
0.4175 -9.824617538246175
0.42 -9.814018598140185
0.4225 -9.816618338166183
0.425 -9.824617538246175
0.4275 -9.805219478052194
0.43 -9.823417658234177
0.4325 -9.812218778122189
0.435 -9.814418558144185
0.4375 -9.784021597840216
0.44 -9.806819318068193
0.4425 -9.75002499750025
0.445 -9.782221777822217
0.4475 -9.82061793820618
0.45 -9.74922507749225
0.4525 -9.785221477852215
0.455 -9.789221077892211
0.4575 -9.764823517648235
0.46 -9.762223777622237
0.4625 -9.674232576742325
0.465 -9.73002699730027
0.4675 -9.692430756924308
0.47000000000000003 -9.68103189681032
0.47250000000000003 -9.714428557144286
0.47500000000000003 -9.714028597140286
0.47750000000000004 -9.68083191680832
0.48 -9.691430856914309
0.4825 -9.659234076592341
0.485 -9.687031296870313
0.4875 -9.682431756824318
0.49 -9.726627337266274
0.4925 -9.657634236576342
0.495 -9.658434156584342
0.4975 -9.6994300569943
0.5 -9.632036796320367
0.5025 -9.607439256074393
0.505 -9.613038696130387
0.5075 -9.54064593540646
0.51 -9.586441355864414
0.5125 -9.536246375362463
0.515 -9.627237276272373
0.5175 -9.586441355864414
0.52 -9.606439356064394
0.5225 -9.617438256174383
0.525 -9.58844115588441
0.5275 -9.51064893510649
0.53 -9.502049795020499
0.5325 -9.562243775622438
0.535 -9.54044595540446
0.5375 -9.525447455254474
0.54 -9.546245375462453
0.5425 -9.499050094990501
0.545 -9.528247175282472
0.5475 -9.464053594640536
0.55 -9.364663533646635
0.5525 -9.523847615238477
0.555 -9.376462353764623
0.5575 -9.41005899410059
0.56 -9.451654834516548
0.5625 -9.426257374262574
0.5650000000000001 -9.474852514748525
0.5675 -9.509249075092491
0.5700000000000001 -9.424257574242576
0.5725 -9.4000599940006
0.575 -9.32066793320668
0.5775 -9.343265673432656
0.58 -9.420657934206579
0.5825 -9.364263573642635
0.585 -9.376262373762623
0.5875 -9.327067293270673
0.59 -9.286271372862714
0.5925 -9.3994600539946
0.595 -9.404259574042596
0.5975 -9.263073692630737
0.6 -9.287671232876713
0.6025 -9.251874812518748
0.605 -9.218878112188781
0.6075 -9.336066393360664
0.61 -9.12008799120088
0.6125 -9.198480151984802
0.615 -9.275272472752725
0.6175 -9.17108289171083
0.62 -9.368663133686631
0.6225 -9.221877812218779
0.625 -9.263473652634737
0.6275000000000001 -9.216678332166783
0.63 -9.212078792120789
0.6325000000000001 -9.21947805219478
0.635 -9.179282071792821
0.6375 -9.13928607139286
0.64 -9.186681331866813
0.6425 -9.175482451754824
0.645 -9.154484551544845
0.6475 -9.071692830716929
0.65 -9.106489351064894
0.6525 -9.068893110688931
0.655 -9.035296470352964
0.6575 -9.1000899910009
0.66 -9.11028897110289
0.6625 -9.127487251274873
0.665 -8.996700329967004
0.6675 -9.163083691630836
0.67 -9.091090890910909
0.6725 -8.904709529047095
0.675 -9.13968603139686
0.6775 -8.97950204979502
0.68 -8.945705429457055
0.6825 -8.943705629437057
0.685 -9.018098190180982
0.6875 -8.963903609639036
0.6900000000000001 -8.902109789021099
0.6925 -8.980501949805019
0.6950000000000001 -8.95890410958904
0.6975 -8.97930206979302
0.7 -8.94950504949505
0.7025 -8.897310268973103
0.705 -8.877312268773123
0.7075 -8.875312468753124
0.71 -8.956904309569044
0.7125 -8.853114688531146
0.715 -8.837516248375163
0.7175 -8.931906809319068
0.72 -8.707729227077293
0.7225 -8.774322567743226
0.725 -8.810518948105189
0.7275 -8.682931706829317
0.73 -8.832516748325167
0.7325 -8.845315468453155
0.735 -8.701329867013298
0.7375 -8.685131486851315
0.74 -8.701329867013298
0.7425 -8.694530546945305
0.745 -8.736926307369263
0.7475 -8.662333766623338
0.75 -8.667133286671334
0.7525000000000001 -8.554344565543445
0.755 -8.716328367163284
0.7575000000000001 -8.690330966903309
0.76 -8.551344865513448
0.7625 -8.618138186181381
0.765 -8.746925307469253
0.7675 -8.596740325967403
0.77 -8.655534446555345
0.7725 -8.663333666633337
0.775 -8.61093890610939
0.7775 -8.716728327167283
0.78 -8.537946205379463
0.7825 -8.539946005399461
0.785 -8.59114088591141
0.7875 -8.569543045695431
0.79 -8.523347665233477
0.7925 -8.521347865213478
0.795 -8.532746725327467
0.7975 -8.520747925207479
0.8 -8.448355164483552
0.8025 -8.36956304369563
0.805 -8.353764623537646
0.8075 -8.373962603739626
0.81 -8.552944705529447
0.8125 -8.206779322067794
0.8150000000000001 -8.464153584641537
0.8175 -8.528347165283472
0.8200000000000001 -8.451954804519549
0.8225 -8.326367363263673
0.825 -8.398560143985602
0.8275 -8.314568543145686
0.83 -8.388561143885612
0.8325 -8.357564243575643
0.835 -8.262373762623737
0.8375 -8.278372162783722
0.84 -8.32076792320768
0.8425 -8.228177182281772
0.845 -8.275172482751724
0.8475 -8.343965603439656
0.85 -8.295970402959703
0.8525 -8.182781721827817
0.855 -8.180781921807819
0.8575 -8.1983801619838
0.86 -8.291770822917709
0.8625 -8.167983201679831
0.865 -8.311168883111689
0.8675 -8.234176582341766
0.87 -8.196180381961804
0.8725 -8.14938506149385
0.875 -8.238976102389762
0.8775000000000001 -8.13118688131187
0.88 -8.04879512048795
0.8825000000000001 -8.093990600939906
0.885 -7.94940505949405
0.8875 -8.088591140885912
0.89 -8.107789221077892
0.8925 -8.052594740525947
0.895 -8.079192080791922
0.8975 -8.104589541045895
0.9 -8.192980701929807
0.9025 -8.143585641435857
0.905 -7.964203579642036
0.9075 -8.028397160283971
0.91 -7.979402059794021
0.9125 -7.893810618938106
0.915 -7.895610438956105
0.9175 -8.079792020797921
0.92 -7.981001899810019
0.9225 -7.832616738326167
0.925 -7.91060893910609
0.9275 -7.897810218978102
0.93 -7.991200879912009
0.9325 -7.774222577742226
0.935 -7.774622537746225
0.9375 -7.77942205779422
0.9400000000000001 -7.897610238976102
0.9425 -7.792020797920208
0.9450000000000001 -7.835216478352165
0.9475 -7.938606139386061
0.95 -7.986201379862014
0.9525 -7.837216278372162
0.955 -7.819618038196181
0.9575 -7.810218978102189
0.96 -7.826017398260174
0.9625 -7.793020697930207
0.965 -7.831816818318168
0.9675 -7.774022597740226
0.97 -7.710628937106289
0.9725 -7.716628337166283
0.975 -7.7312268773122685
0.9775 -7.464853514648535
0.98 -7.754824517548245
0.9825 -7.677632236776322
0.985 -7.825617438256175
0.9875 -7.630836916308369
0.99 -7.687231276872312
0.9925 -7.681431856814319
0.995 -7.744825517448255
0.9975 -7.63963603639636
1.0 -7.738826117388261
1.0025 -7.786021397860214
1.005 -7.59004099590041
1.0075 -7.54964503549645
1.01 -7.625637436256374
1.0125 -7.501049895010499
1.015 -7.569043095690431
1.0175 -7.35986401359864
1.02 -7.588841115888411
1.0225 -7.6316368363163685
1.025 -7.4138586141385865
1.0275 -7.413458654134587
1.03 -7.438656134386561
1.0325 -7.403259674032597
1.035 -7.378862113788621
1.0375 -7.566043395660434
1.04 -7.47965203479652
1.0425 -7.430856914308569
1.045 -7.564443555644435
1.0475 -7.5222477752224775
1.05 -7.341665833416658
1.0525 -7.496050394960504
1.055 -7.344865513448656
1.0575 -7.24987501249875
1.06 -7.373662633736626
1.0625 -7.343865613438656
1.065 -7.254474552544745
1.0675000000000001 -7.304669533046695
1.07 -7.263673632636737
1.0725 -7.3352664733526645
1.075 -7.443055694430557
1.0775 -7.256274372562744
1.08 -7.196080391960804
1.0825 -7.265473452654734
1.085 -7.364263573642636
1.0875 -7.388261173882611
1.09 -7.142685731426857
1.0925 -7.218078192180782
1.095 -7.164883511648835
1.0975 -7.221477852214779
1.1 -7.226677332266774
1.1025 -7.1986801319868015
1.105 -7.1358864113588645
1.1075 -7.153684631536846
1.11 -7.069293070692931
1.1125 -7.17028297170283
1.115 -7.133886611338866
1.1175 -7.177882211778822
1.12 -7.1752824717528245
1.1225 -7.05049495050495
1.125 -6.983101689831017
1.1275 -7.0756924307569244
1.1300000000000001 -7.153684631536846
1.1325 -7.053094690530947
1.135 -7.16008399160084
1.1375 -7.158484151584841
1.14 -7.133286671332867
1.1425 -7.175482451754824
1.145 -7.088491150884911
1.1475 -7.087091290870913
1.15 -6.99010098990101
1.1525 -6.832316768323167
1.155 -7.02989701029897
1.1575 -7.045895410458954
1.16 -6.896710328967103
1.1625 -6.957704229577042
1.165 -6.891510848915108
1.1675 -6.935306469353065
1.17 -7.063293670632937
1.1725 -6.892510748925107
1.175 -6.829117088291171
1.1775 -6.8371162883711625
1.18 -6.935106489351065
1.1825 -6.9551044895510445
1.185 -6.793120687931207
1.1875 -6.9391060893910606
1.19 -6.9601039896010395
1.1925000000000001 -6.983501649835016
1.195 -6.932306769323068
1.1975 -6.781721827817218
1.2 -6.914908509149085
1.2025 -6.845915408459154
1.205 -6.733926607339266
1.2075 -6.935906409359064
1.21 -6.917308269173082
1.2125 -6.62993700629937
1.215 -6.955304469553044
1.2175 -6.955904409559044
1.22 -6.765523447655235
1.2225 -6.766723327667234
1.225 -6.741325867413258
1.2275 -6.817518248175182
1.23 -6.765523447655235
1.2325 -6.895110488951105
1.235 -6.6377362263773625
1.2375 -6.706529347065294
1.24 -6.519348065193481
1.2425 -6.5565443455654435
1.245 -6.6095390460953904
1.2475 -6.590940905909409
1.25 -6.552744725527448
1.2525 -6.867113288671133
1.2550000000000001 -6.6537346265373465
1.2575 -6.587541245875412
1.26 -6.44995500449955
1.2625 -6.637536246375363
1.265 -6.5959404059594045
1.2675 -6.538546145385461
1.27 -6.71972802719728
1.2725 -6.6083391660833914
1.275 -6.394160583941606
1.2775 -6.406959304069593
1.28 -6.525347465253475
1.2825 -6.667533246675332
1.285 -6.488551144885512
1.2875 -6.584141585841416
1.29 -6.358964103589641
1.2925 -6.44035596440356
1.295 -6.501149885011499
1.2975 -6.420757924207579
1.3 -6.287771222877712
1.3025 -6.54934506549345
1.305 -6.5897410258974105
1.3075 -6.2995700429957004
1.31 -6.459354064593541
1.3125 -6.537346265373463
1.315 -6.455154484551545
1.3175000000000001 -6.518348165183482
1.32 -6.37016298370163
1.3225 -6.530946905309469
1.325 -6.38056194380562
1.3275 -6.355164483551645
1.33 -6.384761523847615
1.3325 -6.1825817418258175
1.335 -6.175982401759824
1.3375 -6.364563543645636
1.34 -6.176582341765823
1.3425 -6.398560143985601
1.345 -6.17938206179382
1.3475 -6.278972102789721
1.35 -6.165583441655834
1.3525 -6.291370862913709
1.355 -6.31996800319968
1.3575 -6.283171682831717
1.36 -6.315568443155684
1.3625 -6.359364063593641
1.365 -6.105589441055894
1.3675 -6.133786621337866
1.37 -6.182781721827817
1.3725 -6.189581041895811
1.375 -6.3413658634136585
1.3775 -6.270772922707729
1.3800000000000001 -6.258774122587742
1.3825 -6.206579342065793
1.385 -6.276972302769723
1.3875 -6.000799920007999
1.39 -6.110588941105889
1.3925 -6.115188481151884
1.395 -6.368163183681632
1.3975 -6.095190480951905
1.4 -5.9872012798720124
1.4025 -6.186581341865813
1.405 -6.016798320167983
1.4075 -6.266973302669733
1.41 -6.031996800319968
1.4125 -6.1211878812118785
1.415 -6.037396260373963
1.4175 -6.190180981901809
1.42 -5.996600339966004
1.4225 -6.053394660533947
1.425 -6.116388361163883
1.4275 -6.190180981901809
1.43 -6.161583841615839
1.4325 -5.947805219478052
1.435 -5.9182081791820815
1.4375 -5.9182081791820815
1.44 -5.93000699930007
1.4425000000000001 -6.174182581741825
1.445 -5.871012898710129
1.4475 -6.015198480151985
1.45 -5.942605739426058
1.4525 -5.884611538846116
1.455 -6.078792120787921
1.4575 -6.043995600439956
1.46 -6.02959704029597
1.4625 -5.937206279372063
1.465 -5.855814418558144
1.4675 -5.849015098490151
1.47 -6.047195280471953
1.4725 -5.903809619038096
1.475 -5.875812418758124
1.4775 -5.751824817518248
1.48 -5.898410158984102
1.4825 -5.732026797320268
1.485 -5.781021897810219
1.4875 -6.063793620637936
1.49 -5.8000199980002
1.4925 -5.907609239076092
1.495 -5.794020597940206
1.4975 -5.9366063393660635
1.5 -5.878012198780122
1.5025 -5.6796320367963204
1.5050000000000001 -5.8542145785421456
1.5075 -5.866213378662134
1.51 -5.728227177282272
1.5125 -5.805219478052194
1.515 -5.653234676532347
1.5175 -5.726827317268273
1.52 -5.964603539646036
1.5225 -5.878012198780122
1.525 -5.775822417758224
1.5275 -5.679032096790321
1.53 -5.640835916408359
1.5325 -5.7828217178282175
1.535 -5.66983301669833
1.5375 -5.7152284771522845
1.54 -5.649635036496351
1.5425 -5.766223377662234
1.545 -5.741825817418258
1.5475 -5.704429557044295
1.55 -5.6488351164883515
1.5525 -5.534846515348465
1.555 -5.825617438256175
1.5575 -5.656434356564343
1.56 -5.4384561543845615
1.5625 -5.574042595740426
1.565 -5.708629137086291
1.5675000000000001 -5.564443555644435
1.57 -5.681231876812319
1.5725 -5.452654734526547
1.575 -5.674432556744326
1.5775 -5.645835416458354
1.58 -5.56984301569843
1.5825 -5.534046595340466
1.585 -5.577642235776422
1.5875 -5.778022197780222
1.59 -5.62983701629837
1.5925 -5.361263873612638
1.595 -5.576042395760424
1.5975 -5.441255874412558
1.6 -5.606639336066394
1.6025 -5.61983801619838
1.605 -5.579442055794421
1.6075 -5.48965103489651
1.61 -5.442655734426557
1.6125 -5.471052894710529
1.615 -5.405059494050595
1.6175 -5.606439356064394
1.62 -5.5750424957504245
1.6225 -5.468253174682531
1.625 -5.3996600339966
1.6275 -5.418458154184582
1.6300000000000001 -5.436856314368563
1.6325 -5.47005299470053
1.635 -5.55984401559844
1.6375 -5.302269773022697
1.64 -5.398860113988601
1.6425 -5.257274272572743
1.645 -5.36006399360064
1.6475 -5.551844815518448
1.65 -5.463253674632536
1.6525 -5.354464553544646
1.655 -5.368863113688631
1.6575 -5.149285071492851
1.66 -5.527047295270473
1.6625 -5.568243175682432
1.665 -5.363663633636636
1.6675 -5.505449455054494
1.67 -5.437056294370563
1.6725 -5.241875812418758
1.675 -5.377662233776622
1.6775 -5.428457154284572
1.68 -5.3634636536346365
1.6825 -5.230876912308769
1.685 -5.3474652534746525
1.6875 -5.434856514348565
1.69 -5.281871812818718
1.6925000000000001 -5.1358864113588645
1.695 -5.175082491750825
1.6975 -5.283271672832717
1.7 -5.313868613138686
1.7025 -5.30946905309469
1.705 -5.257474252574743
1.7075 -5.366663333666633
1.71 -5.228677132286771
1.7125 -5.291070892910709
1.715 -5.253474652534747
1.7175 -5.2380761923807615
1.72 -5.30946905309469
1.7225 -5.2366763323667636
1.725 -5.192280771922808
1.7275 -5.444455554444556
1.73 -5.117088291170883
1.7325 -4.9759024097590245
1.735 -5.354464553544646
1.7375 -5.2146785321467855
1.74 -5.1358864113588645
1.7425 -5.015698430156984
1.745 -5.007699230076993
1.7475 -5.253274672532747
1.75 -5.152884711528847
1.7525 -5.261073892610739
1.7550000000000001 -5.215278472152785
1.7575 -5.164883511648835
1.76 -5.062893710628937
1.7625 -5.17968203179682
1.765 -5.32986701329867
1.7675 -4.990900909909009
1.77 -5.110688931106889
1.7725 -5.336666333366663
1.775 -4.961903809619038
1.7775 -5.135686431356865
1.78 -5.066893310668933
1.7825 -4.99050094990501
1.785 -5.098690130986902
1.7875 -5.250474952504749
1.79 -5.014698530146985
1.7925 -5.16968303169683
1.795 -4.9723027697230275
1.7975 -4.974102589741026
1.8 -5.0030996900309965
1.8025 -5.078692130786921
1.805 -5.118288171182882
1.8075 -4.892310768923108
1.81 -5.076292370762924
1.8125 -5.084691530846915
1.815 -4.9563043695630435
1.8175000000000001 -4.9195080491950804
1.82 -4.99050094990501
1.8225 -4.966303369663033
1.825 -4.845315468453155
1.8275 -4.952904709529047
1.83 -4.954904509549045
1.8325 -4.993100689931007
1.835 -4.887311268873113
1.8375 -5.107689231076892
1.84 -4.957304269573043
1.8425 -5.102489751024898
1.845 -5.112088791120888
1.8475 -4.922507749225077
1.85 -4.839116088391161
1.8525 -4.897710228977102
1.855 -4.8961103889611035
1.8575 -5.06989301069893
1.86 -4.846715328467154
1.8625 -4.8689131086891315
1.865 -4.847915208479152
1.8675 -4.886911308869113
1.87 -4.933306669333066
1.8725 -4.891710828917108
1.875 -4.664333566643336
1.8775 -4.9243075692430756
1.8800000000000001 -4.872512748725128
1.8825 -4.798120187981202
1.885 -4.8321167883211675
1.8875 -4.722327767223278
1.89 -4.90990900909909
1.8925 -4.776322367763224
1.895 -4.861513848615139
1.8975 -4.901509849015098
1.9 -4.9035096490350965
1.9025 -4.766123387661234
1.905 -4.8505149485051495
1.9075 -4.768723127687231
1.91 -4.878312168783122
1.9125 -4.885911408859114
1.915 -4.744125587441256
1.9175 -4.776122387761224
1.92 -4.552744725527448
1.9225 -4.784521547845215
1.925 -4.557544245575443
1.9275 -4.843515648435156
1.93 -4.783521647835216
1.9325 -4.795920407959204
1.935 -4.741925807419258
1.9375 -4.782721727827218
1.94 -5.0398960103989605
1.9425000000000001 -4.5123487651234875
1.945 -4.801519848015198
1.9475 -4.628137186281372
1.95 -4.61013898610139
1.9525 -4.658934106589341
1.955 -4.811718828117188
1.9575 -4.630936906309369
1.96 -4.730926907309269
1.9625 -4.5861413858614135
1.965 -4.831916808319168
1.9675 -4.608939106089391
1.97 -4.758124187581242
1.9725 -4.6167383261673836
1.975 -4.60993900609939
1.9775 -4.671932806719328
1.98 -4.618738126187381
1.9825 -4.7141285871412855
1.985 -4.690930906909309
1.9875 -4.780921907809219
1.99 -4.713328667133287
1.9925 -4.429757024297571
1.995 -4.6995300469953
1.9975 -4.717328267173283
2.0 -4.4963503649635035
2.0025 -4.724327567243276
2.005 -4.564143585641436
2.0075 -4.587141285871413
2.01 -4.5959404059594045
2.0124999999999997 -4.647335266473353
2.0149999999999997 -4.64973502649735
2.0174999999999996 -4.899510048995101
2.0199999999999996 -4.591340865913408
2.0225 -4.566343365663434
2.025 -4.547145285471453
2.0275 -4.405759424057594
2.03 -4.518948105189481
2.0324999999999998 -4.394160583941606
2.0349999999999997 -4.517948205179482
2.0374999999999996 -4.566943305669433
2.0399999999999996 -4.5713428657134285
2.0425 -4.751124887511249
2.045 -4.4213578642135785
2.0475 -4.383361663833616
2.05 -4.605339466053395
2.0524999999999998 -4.4765523447655236
2.0549999999999997 -4.44055594440556
2.0574999999999997 -4.516148385161483
2.0599999999999996 -4.623537646235376
2.0625 -4.353164683531647
2.065 -4.41995800419958
2.0675 -4.500749925007499
2.07 -4.378962103789621
2.0725 -4.631336866313369
2.0749999999999997 -4.391360863913609
2.0774999999999997 -4.714328567143285
2.0799999999999996 -4.387361263873613
2.0824999999999996 -4.518148185181482
2.085 -4.472552744725528
2.0875 -4.264373562643736
2.09 -4.415958404159584
2.0925 -4.374362563743626
2.0949999999999998 -4.521347865213479
2.0974999999999997 -4.504149585041496
2.0999999999999996 -4.44075592440756
2.1024999999999996 -4.312368763123688
2.105 -4.274972502749725
2.1075 -4.161583841615839
2.11 -4.568543145685432
2.1125 -4.599340065993401
2.1149999999999998 -4.280971902809719
2.1174999999999997 -4.435756424357565
2.1199999999999997 -4.462753724627537
2.1224999999999996 -4.348965103489651
2.125 -4.315168483151685
2.1275 -4.432756724327567
2.13 -4.532946705329467
2.1325 -4.3995600439956
2.135 -4.286771322867713
2.1374999999999997 -4.378162183781622
2.1399999999999997 -4.428157184281572
2.1424999999999996 -4.338966103389661
2.1449999999999996 -4.20977902209779
2.1475 -4.203979602039796
2.15 -4.279172082791721
2.1525 -4.377162283771622
2.155 -4.272572742725727
2.1574999999999998 -4.284971502849715
2.1599999999999997 -4.297370262973702
2.1624999999999996 -4.17958204179582
2.1649999999999996 -4.212578742125787
2.1675 -4.191380861913808
2.17 -4.371962803719628
2.1725 -4.199380061993801
2.175 -4.307169283071693
2.1774999999999998 -4.178382161783822
2.1799999999999997 -4.209579042095791
2.1824999999999997 -4.270372962703729
2.1849999999999996 -4.223777622237776
2.1875 -4.446555344465553
2.19 -4.2785721427857215
2.1925 -4.356964303569643
2.195 -4.301769823017699
2.1975 -4.295970402959704
2.1999999999999997 -4.436756324367563
2.2024999999999997 -4.36016398360164
2.2049999999999996 -4.177982201779822
2.2074999999999996 -4.0165983401659835
2.21 -4.312968703129687
2.2125 -4.214978502149785
2.215 -4.332366763323668
2.2175 -4.209379062093791
2.2199999999999998 -4.3019698030196984
2.2224999999999997 -4.416758324167583
2.2249999999999996 -4.112188781121888
2.2274999999999996 -4.122587741225877
2.23 -4.3535646435356465
2.2325 -4.253174682531747
2.235 -4.107989201079892
2.2375 -4.125387461253875
2.2399999999999998 -4.126587341265873
2.2424999999999997 -4.21037896210379
2.2449999999999997 -4.221177882211779
2.2474999999999996 -4.13018698130187
2.25 -4.087391260873913
2.2525 -4.104989501049895
2.255 -4.270372962703729
2.2575 -4.164383561643835
2.26 -3.9966003399660033
2.2624999999999997 -4.164983501649835
2.2649999999999997 -4.091190880911909
2.2674999999999996 -4.030996900309969
2.2699999999999996 -4.166383361663834
2.2725 -4.139186081391861
2.275 -4.219378062193781
2.2775 -4.081991800819918
2.28 -4.068193180681932
2.2824999999999998 -4.149385061493851
2.2849999999999997 -4.166383361663834
2.2874999999999996 -4.088791120887911
2.2899999999999996 -4.07959204079592
2.2925 -4.194180581941806
2.295 -4.165783421657834
2.2975 -4.017598240175983
2.3 -4.135986401359864
2.3024999999999998 -4.173782621737827
2.3049999999999997 -4.031796820317968
2.3074999999999997 -4.277972202779722
2.3099999999999996 -4.062393760623937
2.3125 -3.912208779122088
2.315 -4.090590940905909
2.3175 -4.094390560943905
2.32 -3.997200279972003
2.3225 -3.934006599340066
2.3249999999999997 -3.9766023397660235
2.3274999999999997 -4.1837816218378165
2.3299999999999996 -4.074792520747925
2.3324999999999996 -3.994000599940006
2.335 -4.181781821817818
2.3375 -3.9676032396760323
2.34 -4.267973202679732
2.3425 -4.131786821317868
2.3449999999999998 -3.949205079492051
2.3474999999999997 -3.9316068393160686
2.3499999999999996 -3.9066093390660934
2.3524999999999996 -3.889011098890111
2.355 -4.001199880011999
2.3575 -3.96000399960004
2.36 -3.8564143585641437
2.3625 -3.9402059794020596
2.3649999999999998 -4.078792120787921
2.3674999999999997 -4.027197280271973
2.3699999999999997 -4.060993900609939
2.3724999999999996 -3.9996000399960003
2.375 -3.9816018398160185
2.3775 -3.9638036196380364
2.38 -3.862813718628137
2.3825 -3.8056194380561945
2.385 -3.9684031596840317
2.3874999999999997 -3.807019298070193
2.3899999999999997 -4.042595740425957
2.3924999999999996 -3.9162083791620836
2.3949999999999996 -3.823017698230177
2.3975 -3.7468253174682533
2.4 -4.045795420457954
2.4025 -3.8324167583241677
2.405 -3.935006499350065
2.4074999999999998 -3.96980301969803
2.4099999999999997 -3.696230376962304
2.4124999999999996 -3.9716028397160286
2.4149999999999996 -4.094390560943905
2.4175 -3.844015598440156
2.42 -4.017398260173983
2.4225 -3.831016898310169
2.425 -3.9204079592040797
2.4274999999999998 -3.9086091390860913
2.4299999999999997 -3.9364063593640637
2.4324999999999997 -3.8602139786021397
2.4349999999999996 -4.01959804019598
2.4375 -3.683031696830317
2.44 -4.021797820217978
2.4425 -3.82001799820018
2.445 -3.8236176382361764
2.4475 -3.9714028597140287
2.4499999999999997 -3.9386061393860614
2.4524999999999997 -3.6904309569043097
2.4549999999999996 -3.842015798420158
2.4574999999999996 -3.760823917608239
2.46 -3.8648135186481354
2.4625 -3.7962203779622037
2.465 -3.786021397860214
2.4675 -3.8616138386161385
2.4699999999999998 -3.942205779422058
2.4724999999999997 -3.896010398960104
2.4749999999999996 -3.7832216778322167
2.4774999999999996 -3.835616438356164
2.48 -3.802219778022198
2.4825 -3.64003599640036
2.485 -3.6268373162683734
2.4875 -3.688631136886311
2.4899999999999998 -3.8826117388261174
2.4924999999999997 -3.838816118388161
2.4949999999999997 -3.7334266573342667
2.4974999999999996 -3.68983101689831
2.5 -3.8336166383361663
2.5025 -3.755024497550245
2.505 -4.065393460653935
2.5075 -3.7326267373262674
